b1 contains Y_0(x), for x in [0, 1] at 30 linspace points.
b1 =

  Columns 1 through 7 

    1.0000    0.9997    0.9988    0.9973    0.9952    0.9926    0.9893

  Columns 8 through 14 

    0.9855    0.9811    0.9761    0.9705    0.9644    0.9576    0.9504

  Columns 15 through 21 

    0.9426    0.9342    0.9253    0.9159    0.9060    0.8955    0.8846

  Columns 22 through 28 

    0.8731    0.8612    0.8488    0.8360    0.8227    0.8089    0.7948

  Columns 29 through 30 

    0.7802    0.7652
