Y1 contains y = erf(x) for x in [0, 2] for 30 linspace points
y1 =

  Columns 1 through 7 

         0    0.0777    0.1547    0.2302    0.3036    0.3742    0.4416

  Columns 8 through 14 

    0.5052    0.5648    0.6199    0.6706    0.7167    0.7582    0.7952

  Columns 15 through 21 

    0.8279    0.8565    0.8814    0.9027    0.9208    0.9361    0.9489

  Columns 22 through 28 

    0.9595    0.9681    0.9751    0.9808    0.9852    0.9888    0.9915

  Columns 29 through 30 

    0.9937    0.9953
