y contains y = gamma(x) for x in [0, 1.1] for 30 linspace points.
y =

  Columns 1 through 7 

         ƒ   25.8227   12.6748    8.3128    6.1458    4.8561    4.0042

  Columns 8 through 14 

    3.4022    2.9559    2.6131    2.3426    2.1246    1.9457    1.7968

  Columns 15 through 21 

    1.6715    1.5649    1.4736    1.3947    1.3262    1.2665    1.2141

  Columns 22 through 28 

    1.1681    1.1276    1.0919    1.0604    1.0326    1.0082    0.9866

  Columns 29 through 30 

    0.9678    0.9514
